0 100000000 100000000 1
0.01 99994922 99989721 0.999947987358798
0.02 99979392 99958676 0.999792797299668
0.03 99952340 99904361 0.999519981223051
0.04 99912927 99826399 0.999133965918144
0.05 99861922 99723189 0.998610751753807
0.06 99796902 99593294 0.997959776346564
0.07 99717330 99433848 0.997157144099225
0.08 99622132 99245070 0.996215077990903
0.09 99511742 99021588 0.995074410414803
0.1 99381806 98764419 0.993787726095459
0.11 99235800 98471801 0.992301175583811
0.12 99069081 98140382 0.990625743262926
0.13 98881649 97765401 0.988711272402021
0.14 98675282 97349313 0.986562298347422
0.15 98442556 96885761 0.984185751942483
0.16 98185233 96370882 0.981521141779029
0.17 97900472 95800836 0.978553361826488
0.18 97590707 95179673 0.97529443044203
0.19 97250595 94498525 0.971701252830381
0.2 96872799 93749528 0.967759050711439
0.21 96468314 92937367 0.963397857248754
0.22 96023043 92044314 0.958564851980373
0.23 95535216 91073040 0.953292867417602
0.24 95013991 90031944 0.947565122277623
0.25 94444490 88885366 0.941138715450737
0.26 93826730 87660086 0.934276255817505
0.27 93159239 86333626 0.926731765166094
0.28 92443262 84934590 0.918775345681765
0.29 91655057 83439878 0.910368513545303
0.3 90814312 81878489 0.901603361813719
0.31 89904738 80246551 0.892573103321874
0.32 88923371 78551975 0.883367039695335
0.33 87874221 76808232 0.874070132581887
0.34 86729596 74997741 0.864730662414247
0.35 85503866 73157110 0.855600026319278
0.36 84178232 71264860 0.846594877402509
0.37 82754983 69352476 0.838045921657672
0.38 81217226 67431742 0.830264037828625
0.39 79566163 65498825 0.823199492477726
0.4 77774692 63575393 0.817430340964899
0.41 75857252 61673378 0.813018879196942
0.42 73782040 59818730 0.810749201296142
0.43 71548954 58022427 0.810947243197993
0.44 69129216 56301322 0.814435997654017
0.45 66529000 54710625 0.82235754332697
0.46 63715982 53261744 0.835924399627083
0.47 60682701 52008622 0.857058455588521
0.48 57400696 50995042 0.888404593561026
0.49 53839129 50276323 0.933824969568137
0.5 50003745 50003745 1
